Sref = 424.428892 
Cref = 14.793436 
Bref = 32.871376 
X_cg = 11.300800 
Y_cg = 0.000000 
Z_cg = 0.000000 
Mach = 0.800000 
AoA = 4.000000 
Beta = 0.000000 
Vinf = 236.054415 
Rho = 0.363909 
ReCref = 90767992.174534 
ClMax = -1.000000 
MaxTurningAngle = -1.000000 
Symmetry = NO 
FarDist = -1.000000 
NumWakeNodes = 64 
WakeIters = 5 
NumberOfControlGroups = 0 
Preconditioner = Matrix 
Karman-Tsien Correction = Y 
Stability Type = 1 
NumberOfQuadTrees = 1 
1 2 0.000000 
